    <area target="" alt="" title="" href="" coords="353,465,426,440,479,352,472,320,456,290,417,280,407,249,395,265,344,265,315,277,260,270,312,321,319,354,286,361,274,374,274,385,258,382,269,406,295,413,329,437,343,442" shape="poly">
    <area target="" alt="" title="" href="" coords="433,440,360,464,359,483,342,508,350,529,371,521,401,540,410,538,450,555,468,553,477,557,489,557,513,570,506,519,512,511,512,492,512,470,502,452,477,442,459,436" shape="poly">
    <area target="" alt="" title="" href="" coords="511,470,510,513,503,518,511,565,540,590,572,602,588,619,608,627,621,643,640,620,648,587,669,565,650,545,647,518,637,495,610,467,560,477,536,466" shape="poly">
    <area target="" alt="" title="" href="" coords="610,467,638,500,648,520,649,549,668,566,681,559,697,557,748,537,758,527,825,508,804,491,774,488,758,473,749,456,744,438,758,424,737,417,711,415,690,420,668,438,651,445,634,460" shape="poly">
    <area target="" alt="" title="" href="" coords="759,422,744,435,751,463,771,489,801,489,822,505,856,505,896,502,900,469,924,448,915,409,928,386,912,382,901,369,871,352,844,347,820,359,809,360,790,375,772,392" shape="poly">
    <area target="" alt="" title="" href="" coords="751,422,736,414,708,416,692,414,680,423,680,405,671,391,664,360,643,331,636,296,626,281,636,282,666,267,686,255,704,222,726,254,748,256,757,271,798,265,824,327,839,345,818,362,801,366,777,387,764,405" shape="poly">
    <area target="" alt="" title="" href="" coords="749,538,780,587,788,609,806,622,806,640,804,662,810,674,807,685,616,684,617,657,622,648,644,616,651,589,664,565,699,560,725,546" shape="poly">
    <area target="" alt="" title="" href="" coords="612,688,614,659,625,651,608,632,586,618,573,601,542,590,514,571,489,556,477,556,469,553,449,554,427,548,420,553,414,568,420,581,405,593,404,606,389,627,385,687" shape="poly">
    <area target="" alt="" title="" href="" coords="387,684,390,626,403,602,402,593,423,581,410,566,424,552,407,537,395,542,372,524,349,527,342,506,319,524,304,535,275,538,260,568,255,576,226,588,222,599,238,611,241,619,242,632,234,642,238,662,226,688" shape="poly">
    <area target="" alt="" title="" href="" coords="227,684,236,661,233,645,245,630,238,615,223,595,225,590,255,577,272,540,254,524,232,515,198,515,179,528,154,535,140,547,108,554,85,568,73,580,53,598,25,594,1,611,0,684" shape="poly">
    <area target="" alt="" title="" href="" coords="0,610,25,592,45,599,77,573,102,554,138,550,154,530,174,532,197,512,235,511,253,519,264,535,271,546,305,530,338,505,356,482,358,464,343,439,330,434,302,409,268,407,250,409,226,408,206,413,199,409,172,411,175,421,128,439,133,461,133,450,112,458,104,477,95,481,65,468,51,461,1,462" shape="poly">
    <area target="" alt="" title="" href="" coords="804,685,808,671,803,662,806,645,806,639,807,623,784,607,783,591,767,569,762,551,747,535,753,529,823,510,894,504,986,567,982,597,953,625,918,644,873,653,864,667,868,686" shape="poly">
    <area target="" alt="" title="" href="" coords="4,463,45,463,96,487,107,459,123,453,126,439,175,423,168,410,200,403,208,417,229,410,235,414,267,406,261,384,273,385,271,376,287,362,306,364,322,356,316,327,257,269,245,223,203,223,189,242,170,249,160,247,120,258,112,258,91,266,83,258,72,240,37,277,20,254,1,268" shape="poly">
    <area target="" alt="" title="" href="" coords="72,244,90,266,114,256,160,249,170,250,190,242,202,222,224,218,171,146,129,117,69,130,79,159,68,175,66,193,72,207,84,234" shape="poly">
    <area target="" alt="" title="" href="" coords="128,117,168,145,185,173,233,158,232,145,284,136,299,127,321,126,334,115,342,106,320,89,310,76,315,64,323,58,322,41,377,1,55,1,93,10,95,16,136,38,141,49,119,59,111,72,113,93,85,74" shape="poly">
