coords="298,826,301,754,316,744,314,731,341,704,336,693,370,659,379,641,395,635,398,610,350,545,251,552,219,559,192,559,163,585,109,611,78,632,49,672,6,675,6,825" shape="poly">
    <area target="" alt="" title="" href="" coords="299,825,295,757,317,747,313,731,339,704,332,699,370,659,377,643,393,634,398,607,356,548,398,544,450,528,468,538,481,552,536,571,578,610,627,627,672,682,661,767,662,789,644,823" shape="poly">
    <area target="" alt="" title="" href="" coords="649,821,660,786,660,762,672,689,651,660,818,621,834,600,851,607,856,639,904,667,880,722,865,733,843,756,837,780,849,805,838,818,830,829" shape="poly">
    <area target="" alt="" title="" href="" coords="834,826,849,811,842,801,842,762,882,722,917,649,929,672,945,670,964,638,977,668,1003,672,1026,675,1044,683,1080,735,1083,760,1098,798,1078,829" shape="poly">
    <area target="" alt="" title="" href="" coords="1080,829,1102,803,1084,736,1051,682,1028,681,1078,627,1092,600,1096,557,1153,545,1189,560,1210,555,1225,591,1228,623,1251,664,1279,693,1247,713,1235,744,1221,758,1202,768,1196,779,1182,789,1161,825" shape="poly">
    <area target="" alt="" title="" href="" coords="1160,822,1190,783,1207,768,1227,751,1241,711,1279,702,1330,707,1359,693,1383,689,1413,675,1412,661,1430,656,1449,618,1455,592,1509,578,1558,584,1563,830" shape="poly">
    <area target="" alt="" title="" href="" coords="6,670,45,671,77,627,115,606,161,591,194,559,218,556,252,553,352,542,402,542,442,533,466,533,470,513,467,492,513,458,509,437,495,426,499,395,478,376,437,355,410,364,379,364,333,376,326,387,284,402,279,423,261,433,215,436,205,430,212,413,203,400,178,379,156,370,143,364,114,362,121,373,89,377,94,406,93,445,90,470,66,498,3,510" shape="poly">
    <area target="" alt="" title="" href="" coords="493,395,493,420,504,448,509,458,470,497,465,533,484,552,535,578,569,607,620,628,655,659,817,623,829,591,810,562,815,549,828,542,828,521,804,521,786,498,740,484,703,466,643,455,631,443,585,440,574,419,558,393,523,400" shape="poly">
    <area target="" alt="" title="" href="" coords="827,523,824,542,810,559,828,584,841,600,853,605,859,642,902,664,917,646,925,668,943,668,963,638,970,665,1028,672,1075,627,1092,596,1094,553,1071,530,1069,510,1037,469,1004,382,972,369,911,380,923,441,905,469,882,487,859,491,830,505" shape="poly">
    <area target="" alt="" title="" href="" coords="1003,384,1018,415,1033,469,1071,520,1090,557,1152,546,1188,562,1212,555,1333,510,1360,481,1342,448,1333,438,1341,422,1334,408,1331,393,1324,365,1303,346,1284,343,1279,329,1265,314,1234,297,1223,296,1223,274,1195,289,1165,294,1137,312,1137,321,1096,330,1083,354,1060,351,1053,370,1017,370" shape="poly">
    <area target="" alt="" title="" href="" coords="1285,699,1248,657,1227,617,1223,580,1209,556,1328,509,1364,483,1392,494,1418,551,1439,557,1441,574,1457,584,1457,605,1452,623,1435,660,1413,664,1411,674,1392,683,1387,692,1369,692,1333,706" shape="poly">
    <area target="" alt="" title="" href="" coords="1563,581,1512,582,1459,592,1440,574,1440,557,1408,546,1390,492,1364,484,1329,435,1336,420,1326,394,1321,367,1358,331,1376,344,1396,324,1411,330,1436,313,1443,324,1466,312,1479,324,1518,345,1545,366,1563,359" shape="poly">
    <area target="" alt="" title="" href="" coords="8,506,62,494,94,467,92,374,124,372,113,355,145,358,181,372,207,398,212,410,212,424,227,433,261,433,281,417,285,395,331,385,331,370,383,358,412,359,436,351,426,344,459,331,458,315,471,309,468,298,477,276,509,257,489,236,487,223,465,215,454,217,411,157,401,129,361,121,347,125,340,161,311,172,263,174,243,192,221,217,210,218,194,233,167,226,158,225,156,233,135,225,119,175,99,223,79,225,63,247,38,247,29,250,11,232,2,243" shape="poly">
    <area target="" alt="" title="" href="" coords="632,443,568,423,553,388,517,397,494,394,477,373,423,348,460,333,455,314,469,311,469,304,477,279,512,261,487,240,485,226,538,197,567,197,595,181,639,177,674,210,693,276,704,292,714,337,728,362,726,375,685,405" shape="poly">
    <area target="" alt="" title="" href="" coords="910,383,921,440,881,487,860,490,834,502,831,520,805,517,781,497,704,466,641,454,632,441,729,380,727,359,716,337,706,296,700,287,709,274,830,249,862,280,871,307,893,332,899,357" shape="poly">
    <area target="" alt="" title="" href="" coords="1135,307,1134,325,1090,330,1080,355,1056,348,1055,366,1011,369,1007,377,969,369,908,379,896,332,872,308,858,279,832,254,831,235,838,225,836,210,869,160,901,163,918,135,937,175,973,174,1009,188,1015,211,1033,204,1045,186,1069,225,1076,258,1096,278,1111,260" shape="poly">
    <area target="" alt="" title="" href="" coords="1224,275,1204,289,1169,294,1137,308,1112,267,1098,275,1076,256,1067,220,1043,190,1031,207,1017,213,1011,195,1053,168,1114,152,1114,131,1147,114,1179,127,1224,156,1342,192,1258,232,1291,247" shape="poly">
    <area target="" alt="" title="" href="" coords="1565,358,1543,370,1517,347,1465,312,1443,323,1432,310,1407,333,1395,328,1374,346,1356,332,1324,361,1288,339,1272,319,1227,296,1229,274,1290,246,1258,233,1342,197,1367,177,1435,178,1472,159,1493,141,1543,114,1560,102" shape="poly">
    <area target="" alt="" title="" href="" coords="3,246,8,239,25,250,36,249,62,247,79,225,91,224,118,181,136,226,154,229,162,226,194,228,209,217,219,214,255,179,301,174,337,163,345,125,359,123,393,129,407,166,436,125,434,113,436,85,427,75,428,49,439,24,429,15,422,3,1,1" shape="poly">
    <area target="" alt="" title="" href="" coords="420,3,436,23,429,45,428,80,434,87,435,124,411,159,456,221,470,213,485,221,537,193,571,193,594,182,634,175,659,132,634,71,632,27,650,9,634,1" shape="poly">
    <area target="" alt="" title="" href="" coords="637,1,654,10,640,29,633,73,662,137,643,177,679,212,698,283,709,269,831,244,824,229,837,220,834,206,874,158,820,133,816,111,846,86,849,66,893,53,909,33,895,15,902,1" shape="poly">
    <area target="" alt="" title="" href="" coords="904,5,892,22,905,30,891,48,844,67,848,90,812,112,813,134,869,164,899,169,919,130,937,176,970,174,1013,191,1048,169,1111,151,1107,131,1142,116,1127,83,1138,56,1143,34,1232,1" shape="poly">
    <area target="" alt="" title="" href="" coords="1231,0,1148,32,1144,58,1126,89,1152,118,1223,163,1342,195,1370,181,1428,179,1465,168,1488,139,1565,102,1568,1" shape="poly">
</map>
